Number_of_ities
7
7
10
3
1
10
2
10
6
2
10
10
4
1
10
10
10
2
7
10
3
4
2
1
10
1
6
9
10
1
5
10
10
4
9
10
10
3
2
10
9
10
10
10
1
10
1
8
10
2
6
10
10
1
10
10
10
1
1
10
10
10
4
2
4
8
7
3
1
10
10
10
4
4
3
10
4
9
10
10
1
10
10
1
3
7
9
3
5
5
9
7
10
10
10
10
10
10
6
7
10
10
10
10
9
10
10
2
2
6
8
6
4
6
2
1
10
1
8
6
6
10
1
7
10
3
10
6
6
1
7
4
10
10
4
1
10
2
10
10
10
6
1
8
10
9
10
6
10
10
10
1
10
1
1
10
10
2
7
10
9
10
10
10
10
7
3
1
10
10
3
1
4
1
10
10
10
2
5
2
1
8
9
2
9
10
1
10
3
10
7
3
1
10
6
1
10
10
8
5
10
10
10
7
4
8
10
10
10
1
3
8
9
10
10
10
10
4
10
10
1
1
10
10
10
